5153	5256	5359	5462	5565	5668	5771	5874	5977	6080	6183	6286	6389	6492	6595	6698	6801	6904	7007	7110	7213	7316	7419	7522	7625	7728	7831	7934	8037	8140	8243	8346	8449	8552	8655	8758	8861	8964	9067	9170	9273	9376	9479	9582	9685	9788	9891	9994	10097	10200	1	104	207	310	413	516	619	722	825	928	1031	1134	1237	1340	1443	1546	1649	1752	1855	1958	2061	2164	2267	2370	2473	2576	2679	2782	2885	2988	3091	3194	3297	3400	3503	3606	3709	3812	3915	4018	4121	4224	4327	4430	4533	4636	4739	4842	4945	5048	5151	
5255	5358	5461	5564	5667	5770	5873	5976	6079	6182	6285	6388	6491	6594	6697	6800	6903	7006	7109	7212	7315	7418	7521	7624	7727	7830	7933	8036	8139	8242	8345	8448	8551	8654	8757	8860	8963	9066	9169	9272	9375	9478	9581	9684	9787	9890	9993	10096	10199	101	103	206	309	412	515	618	721	824	927	1030	1133	1236	1339	1442	1545	1648	1751	1854	1957	2060	2163	2266	2369	2472	2575	2678	2781	2884	2987	3090	3193	3296	3399	3502	3605	3708	3811	3914	4017	4120	4223	4326	4429	4532	4635	4738	4841	4944	5047	5150	5152	
5357	5460	5563	5666	5769	5872	5975	6078	6181	6284	6387	6490	6593	6696	6799	6902	7005	7108	7211	7314	7417	7520	7623	7726	7829	7932	8035	8138	8241	8344	8447	8550	8653	8756	8859	8962	9065	9168	9271	9374	9477	9580	9683	9786	9889	9992	10095	10198	100	102	205	308	411	514	617	720	823	926	1029	1132	1235	1338	1441	1544	1647	1750	1853	1956	2059	2162	2265	2368	2471	2574	2677	2780	2883	2986	3089	3192	3295	3398	3501	3604	3707	3810	3913	4016	4119	4222	4325	4428	4531	4634	4737	4840	4943	5046	5149	5252	5254	
5459	5562	5665	5768	5871	5974	6077	6180	6283	6386	6489	6592	6695	6798	6901	7004	7107	7210	7313	7416	7519	7622	7725	7828	7931	8034	8137	8240	8343	8446	8549	8652	8755	8858	8961	9064	9167	9270	9373	9476	9579	9682	9785	9888	9991	10094	10197	99	202	204	307	410	513	616	719	822	925	1028	1131	1234	1337	1440	1543	1646	1749	1852	1955	2058	2161	2264	2367	2470	2573	2676	2779	2882	2985	3088	3191	3294	3397	3500	3603	3706	3809	3912	4015	4118	4221	4324	4427	4530	4633	4736	4839	4942	5045	5148	5251	5253	5356	
5561	5664	5767	5870	5973	6076	6179	6282	6385	6488	6591	6694	6797	6900	7003	7106	7209	7312	7415	7518	7621	7724	7827	7930	8033	8136	8239	8342	8445	8548	8651	8754	8857	8960	9063	9166	9269	9372	9475	9578	9681	9784	9887	9990	10093	10196	98	201	203	306	409	512	615	718	821	924	1027	1130	1233	1336	1439	1542	1645	1748	1851	1954	2057	2160	2263	2366	2469	2572	2675	2778	2881	2984	3087	3190	3293	3396	3499	3602	3705	3808	3911	4014	4117	4220	4323	4426	4529	4632	4735	4838	4941	5044	5147	5250	5353	5355	5458	
5663	5766	5869	5972	6075	6178	6281	6384	6487	6590	6693	6796	6899	7002	7105	7208	7311	7414	7517	7620	7723	7826	7929	8032	8135	8238	8341	8444	8547	8650	8753	8856	8959	9062	9165	9268	9371	9474	9577	9680	9783	9886	9989	10092	10195	97	200	303	305	408	511	614	717	820	923	1026	1129	1232	1335	1438	1541	1644	1747	1850	1953	2056	2159	2262	2365	2468	2571	2674	2777	2880	2983	3086	3189	3292	3395	3498	3601	3704	3807	3910	4013	4116	4219	4322	4425	4528	4631	4734	4837	4940	5043	5146	5249	5352	5354	5457	5560	
5765	5868	5971	6074	6177	6280	6383	6486	6589	6692	6795	6898	7001	7104	7207	7310	7413	7516	7619	7722	7825	7928	8031	8134	8237	8340	8443	8546	8649	8752	8855	8958	9061	9164	9267	9370	9473	9576	9679	9782	9885	9988	10091	10194	96	199	302	304	407	510	613	716	819	922	1025	1128	1231	1334	1437	1540	1643	1746	1849	1952	2055	2158	2261	2364	2467	2570	2673	2776	2879	2982	3085	3188	3291	3394	3497	3600	3703	3806	3909	4012	4115	4218	4321	4424	4527	4630	4733	4836	4939	5042	5145	5248	5351	5454	5456	5559	5662	
5867	5970	6073	6176	6279	6382	6485	6588	6691	6794	6897	7000	7103	7206	7309	7412	7515	7618	7721	7824	7927	8030	8133	8236	8339	8442	8545	8648	8751	8854	8957	9060	9163	9266	9369	9472	9575	9678	9781	9884	9987	10090	10193	95	198	301	404	406	509	612	715	818	921	1024	1127	1230	1333	1436	1539	1642	1745	1848	1951	2054	2157	2260	2363	2466	2569	2672	2775	2878	2981	3084	3187	3290	3393	3496	3599	3702	3805	3908	4011	4114	4217	4320	4423	4526	4629	4732	4835	4938	5041	5144	5247	5350	5453	5455	5558	5661	5764	
5969	6072	6175	6278	6381	6484	6587	6690	6793	6896	6999	7102	7205	7308	7411	7514	7617	7720	7823	7926	8029	8132	8235	8338	8441	8544	8647	8750	8853	8956	9059	9162	9265	9368	9471	9574	9677	9780	9883	9986	10089	10192	94	197	300	403	405	508	611	714	817	920	1023	1126	1229	1332	1435	1538	1641	1744	1847	1950	2053	2156	2259	2362	2465	2568	2671	2774	2877	2980	3083	3186	3289	3392	3495	3598	3701	3804	3907	4010	4113	4216	4319	4422	4525	4628	4731	4834	4937	5040	5143	5246	5349	5452	5555	5557	5660	5763	5866	
6071	6174	6277	6380	6483	6586	6689	6792	6895	6998	7101	7204	7307	7410	7513	7616	7719	7822	7925	8028	8131	8234	8337	8440	8543	8646	8749	8852	8955	9058	9161	9264	9367	9470	9573	9676	9779	9882	9985	10088	10191	93	196	299	402	505	507	610	713	816	919	1022	1125	1228	1331	1434	1537	1640	1743	1846	1949	2052	2155	2258	2361	2464	2567	2670	2773	2876	2979	3082	3185	3288	3391	3494	3597	3700	3803	3906	4009	4112	4215	4318	4421	4524	4627	4730	4833	4936	5039	5142	5245	5348	5451	5554	5556	5659	5762	5865	5968	
6173	6276	6379	6482	6585	6688	6791	6894	6997	7100	7203	7306	7409	7512	7615	7718	7821	7924	8027	8130	8233	8336	8439	8542	8645	8748	8851	8954	9057	9160	9263	9366	9469	9572	9675	9778	9881	9984	10087	10190	92	195	298	401	504	506	609	712	815	918	1021	1124	1227	1330	1433	1536	1639	1742	1845	1948	2051	2154	2257	2360	2463	2566	2669	2772	2875	2978	3081	3184	3287	3390	3493	3596	3699	3802	3905	4008	4111	4214	4317	4420	4523	4626	4729	4832	4935	5038	5141	5244	5347	5450	5553	5656	5658	5761	5864	5967	6070	
6275	6378	6481	6584	6687	6790	6893	6996	7099	7202	7305	7408	7511	7614	7717	7820	7923	8026	8129	8232	8335	8438	8541	8644	8747	8850	8953	9056	9159	9262	9365	9468	9571	9674	9777	9880	9983	10086	10189	91	194	297	400	503	606	608	711	814	917	1020	1123	1226	1329	1432	1535	1638	1741	1844	1947	2050	2153	2256	2359	2462	2565	2668	2771	2874	2977	3080	3183	3286	3389	3492	3595	3698	3801	3904	4007	4110	4213	4316	4419	4522	4625	4728	4831	4934	5037	5140	5243	5346	5449	5552	5655	5657	5760	5863	5966	6069	6172	
6377	6480	6583	6686	6789	6892	6995	7098	7201	7304	7407	7510	7613	7716	7819	7922	8025	8128	8231	8334	8437	8540	8643	8746	8849	8952	9055	9158	9261	9364	9467	9570	9673	9776	9879	9982	10085	10188	90	193	296	399	502	605	607	710	813	916	1019	1122	1225	1328	1431	1534	1637	1740	1843	1946	2049	2152	2255	2358	2461	2564	2667	2770	2873	2976	3079	3182	3285	3388	3491	3594	3697	3800	3903	4006	4109	4212	4315	4418	4521	4624	4727	4830	4933	5036	5139	5242	5345	5448	5551	5654	5757	5759	5862	5965	6068	6171	6274	
6479	6582	6685	6788	6891	6994	7097	7200	7303	7406	7509	7612	7715	7818	7921	8024	8127	8230	8333	8436	8539	8642	8745	8848	8951	9054	9157	9260	9363	9466	9569	9672	9775	9878	9981	10084	10187	89	192	295	398	501	604	707	709	812	915	1018	1121	1224	1327	1430	1533	1636	1739	1842	1945	2048	2151	2254	2357	2460	2563	2666	2769	2872	2975	3078	3181	3284	3387	3490	3593	3696	3799	3902	4005	4108	4211	4314	4417	4520	4623	4726	4829	4932	5035	5138	5241	5344	5447	5550	5653	5756	5758	5861	5964	6067	6170	6273	6376	
6581	6684	6787	6890	6993	7096	7199	7302	7405	7508	7611	7714	7817	7920	8023	8126	8229	8332	8435	8538	8641	8744	8847	8950	9053	9156	9259	9362	9465	9568	9671	9774	9877	9980	10083	10186	88	191	294	397	500	603	706	708	811	914	1017	1120	1223	1326	1429	1532	1635	1738	1841	1944	2047	2150	2253	2356	2459	2562	2665	2768	2871	2974	3077	3180	3283	3386	3489	3592	3695	3798	3901	4004	4107	4210	4313	4416	4519	4622	4725	4828	4931	5034	5137	5240	5343	5446	5549	5652	5755	5858	5860	5963	6066	6169	6272	6375	6478	
6683	6786	6889	6992	7095	7198	7301	7404	7507	7610	7713	7816	7919	8022	8125	8228	8331	8434	8537	8640	8743	8846	8949	9052	9155	9258	9361	9464	9567	9670	9773	9876	9979	10082	10185	87	190	293	396	499	602	705	808	810	913	1016	1119	1222	1325	1428	1531	1634	1737	1840	1943	2046	2149	2252	2355	2458	2561	2664	2767	2870	2973	3076	3179	3282	3385	3488	3591	3694	3797	3900	4003	4106	4209	4312	4415	4518	4621	4724	4827	4930	5033	5136	5239	5342	5445	5548	5651	5754	5857	5859	5962	6065	6168	6271	6374	6477	6580	
6785	6888	6991	7094	7197	7300	7403	7506	7609	7712	7815	7918	8021	8124	8227	8330	8433	8536	8639	8742	8845	8948	9051	9154	9257	9360	9463	9566	9669	9772	9875	9978	10081	10184	86	189	292	395	498	601	704	807	809	912	1015	1118	1221	1324	1427	1530	1633	1736	1839	1942	2045	2148	2251	2354	2457	2560	2663	2766	2869	2972	3075	3178	3281	3384	3487	3590	3693	3796	3899	4002	4105	4208	4311	4414	4517	4620	4723	4826	4929	5032	5135	5238	5341	5444	5547	5650	5753	5856	5959	5961	6064	6167	6270	6373	6476	6579	6682	
6887	6990	7093	7196	7299	7402	7505	7608	7711	7814	7917	8020	8123	8226	8329	8432	8535	8638	8741	8844	8947	9050	9153	9256	9359	9462	9565	9668	9771	9874	9977	10080	10183	85	188	291	394	497	600	703	806	909	911	1014	1117	1220	1323	1426	1529	1632	1735	1838	1941	2044	2147	2250	2353	2456	2559	2662	2765	2868	2971	3074	3177	3280	3383	3486	3589	3692	3795	3898	4001	4104	4207	4310	4413	4516	4619	4722	4825	4928	5031	5134	5237	5340	5443	5546	5649	5752	5855	5958	5960	6063	6166	6269	6372	6475	6578	6681	6784	
6989	7092	7195	7298	7401	7504	7607	7710	7813	7916	8019	8122	8225	8328	8431	8534	8637	8740	8843	8946	9049	9152	9255	9358	9461	9564	9667	9770	9873	9976	10079	10182	84	187	290	393	496	599	702	805	908	910	1013	1116	1219	1322	1425	1528	1631	1734	1837	1940	2043	2146	2249	2352	2455	2558	2661	2764	2867	2970	3073	3176	3279	3382	3485	3588	3691	3794	3897	4000	4103	4206	4309	4412	4515	4618	4721	4824	4927	5030	5133	5236	5339	5442	5545	5648	5751	5854	5957	6060	6062	6165	6268	6371	6474	6577	6680	6783	6886	
7091	7194	7297	7400	7503	7606	7709	7812	7915	8018	8121	8224	8327	8430	8533	8636	8739	8842	8945	9048	9151	9254	9357	9460	9563	9666	9769	9872	9975	10078	10181	83	186	289	392	495	598	701	804	907	1010	1012	1115	1218	1321	1424	1527	1630	1733	1836	1939	2042	2145	2248	2351	2454	2557	2660	2763	2866	2969	3072	3175	3278	3381	3484	3587	3690	3793	3896	3999	4102	4205	4308	4411	4514	4617	4720	4823	4926	5029	5132	5235	5338	5441	5544	5647	5750	5853	5956	6059	6061	6164	6267	6370	6473	6576	6679	6782	6885	6988	
7193	7296	7399	7502	7605	7708	7811	7914	8017	8120	8223	8326	8429	8532	8635	8738	8841	8944	9047	9150	9253	9356	9459	9562	9665	9768	9871	9974	10077	10180	82	185	288	391	494	597	700	803	906	1009	1011	1114	1217	1320	1423	1526	1629	1732	1835	1938	2041	2144	2247	2350	2453	2556	2659	2762	2865	2968	3071	3174	3277	3380	3483	3586	3689	3792	3895	3998	4101	4204	4307	4410	4513	4616	4719	4822	4925	5028	5131	5234	5337	5440	5543	5646	5749	5852	5955	6058	6161	6163	6266	6369	6472	6575	6678	6781	6884	6987	7090	
7295	7398	7501	7604	7707	7810	7913	8016	8119	8222	8325	8428	8531	8634	8737	8840	8943	9046	9149	9252	9355	9458	9561	9664	9767	9870	9973	10076	10179	81	184	287	390	493	596	699	802	905	1008	1111	1113	1216	1319	1422	1525	1628	1731	1834	1937	2040	2143	2246	2349	2452	2555	2658	2761	2864	2967	3070	3173	3276	3379	3482	3585	3688	3791	3894	3997	4100	4203	4306	4409	4512	4615	4718	4821	4924	5027	5130	5233	5336	5439	5542	5645	5748	5851	5954	6057	6160	6162	6265	6368	6471	6574	6677	6780	6883	6986	7089	7192	
7397	7500	7603	7706	7809	7912	8015	8118	8221	8324	8427	8530	8633	8736	8839	8942	9045	9148	9251	9354	9457	9560	9663	9766	9869	9972	10075	10178	80	183	286	389	492	595	698	801	904	1007	1110	1112	1215	1318	1421	1524	1627	1730	1833	1936	2039	2142	2245	2348	2451	2554	2657	2760	2863	2966	3069	3172	3275	3378	3481	3584	3687	3790	3893	3996	4099	4202	4305	4408	4511	4614	4717	4820	4923	5026	5129	5232	5335	5438	5541	5644	5747	5850	5953	6056	6159	6262	6264	6367	6470	6573	6676	6779	6882	6985	7088	7191	7294	
7499	7602	7705	7808	7911	8014	8117	8220	8323	8426	8529	8632	8735	8838	8941	9044	9147	9250	9353	9456	9559	9662	9765	9868	9971	10074	10177	79	182	285	388	491	594	697	800	903	1006	1109	1212	1214	1317	1420	1523	1626	1729	1832	1935	2038	2141	2244	2347	2450	2553	2656	2759	2862	2965	3068	3171	3274	3377	3480	3583	3686	3789	3892	3995	4098	4201	4304	4407	4510	4613	4716	4819	4922	5025	5128	5231	5334	5437	5540	5643	5746	5849	5952	6055	6158	6261	6263	6366	6469	6572	6675	6778	6881	6984	7087	7190	7293	7396	
7601	7704	7807	7910	8013	8116	8219	8322	8425	8528	8631	8734	8837	8940	9043	9146	9249	9352	9455	9558	9661	9764	9867	9970	10073	10176	78	181	284	387	490	593	696	799	902	1005	1108	1211	1213	1316	1419	1522	1625	1728	1831	1934	2037	2140	2243	2346	2449	2552	2655	2758	2861	2964	3067	3170	3273	3376	3479	3582	3685	3788	3891	3994	4097	4200	4303	4406	4509	4612	4715	4818	4921	5024	5127	5230	5333	5436	5539	5642	5745	5848	5951	6054	6157	6260	6363	6365	6468	6571	6674	6777	6880	6983	7086	7189	7292	7395	7498	
7703	7806	7909	8012	8115	8218	8321	8424	8527	8630	8733	8836	8939	9042	9145	9248	9351	9454	9557	9660	9763	9866	9969	10072	10175	77	180	283	386	489	592	695	798	901	1004	1107	1210	1313	1315	1418	1521	1624	1727	1830	1933	2036	2139	2242	2345	2448	2551	2654	2757	2860	2963	3066	3169	3272	3375	3478	3581	3684	3787	3890	3993	4096	4199	4302	4405	4508	4611	4714	4817	4920	5023	5126	5229	5332	5435	5538	5641	5744	5847	5950	6053	6156	6259	6362	6364	6467	6570	6673	6776	6879	6982	7085	7188	7291	7394	7497	7600	
7805	7908	8011	8114	8217	8320	8423	8526	8629	8732	8835	8938	9041	9144	9247	9350	9453	9556	9659	9762	9865	9968	10071	10174	76	179	282	385	488	591	694	797	900	1003	1106	1209	1312	1314	1417	1520	1623	1726	1829	1932	2035	2138	2241	2344	2447	2550	2653	2756	2859	2962	3065	3168	3271	3374	3477	3580	3683	3786	3889	3992	4095	4198	4301	4404	4507	4610	4713	4816	4919	5022	5125	5228	5331	5434	5537	5640	5743	5846	5949	6052	6155	6258	6361	6464	6466	6569	6672	6775	6878	6981	7084	7187	7290	7393	7496	7599	7702	
7907	8010	8113	8216	8319	8422	8525	8628	8731	8834	8937	9040	9143	9246	9349	9452	9555	9658	9761	9864	9967	10070	10173	75	178	281	384	487	590	693	796	899	1002	1105	1208	1311	1414	1416	1519	1622	1725	1828	1931	2034	2137	2240	2343	2446	2549	2652	2755	2858	2961	3064	3167	3270	3373	3476	3579	3682	3785	3888	3991	4094	4197	4300	4403	4506	4609	4712	4815	4918	5021	5124	5227	5330	5433	5536	5639	5742	5845	5948	6051	6154	6257	6360	6463	6465	6568	6671	6774	6877	6980	7083	7186	7289	7392	7495	7598	7701	7804	
8009	8112	8215	8318	8421	8524	8627	8730	8833	8936	9039	9142	9245	9348	9451	9554	9657	9760	9863	9966	10069	10172	74	177	280	383	486	589	692	795	898	1001	1104	1207	1310	1413	1415	1518	1621	1724	1827	1930	2033	2136	2239	2342	2445	2548	2651	2754	2857	2960	3063	3166	3269	3372	3475	3578	3681	3784	3887	3990	4093	4196	4299	4402	4505	4608	4711	4814	4917	5020	5123	5226	5329	5432	5535	5638	5741	5844	5947	6050	6153	6256	6359	6462	6565	6567	6670	6773	6876	6979	7082	7185	7288	7391	7494	7597	7700	7803	7906	
8111	8214	8317	8420	8523	8626	8729	8832	8935	9038	9141	9244	9347	9450	9553	9656	9759	9862	9965	10068	10171	73	176	279	382	485	588	691	794	897	1000	1103	1206	1309	1412	1515	1517	1620	1723	1826	1929	2032	2135	2238	2341	2444	2547	2650	2753	2856	2959	3062	3165	3268	3371	3474	3577	3680	3783	3886	3989	4092	4195	4298	4401	4504	4607	4710	4813	4916	5019	5122	5225	5328	5431	5534	5637	5740	5843	5946	6049	6152	6255	6358	6461	6564	6566	6669	6772	6875	6978	7081	7184	7287	7390	7493	7596	7699	7802	7905	8008	
8213	8316	8419	8522	8625	8728	8831	8934	9037	9140	9243	9346	9449	9552	9655	9758	9861	9964	10067	10170	72	175	278	381	484	587	690	793	896	999	1102	1205	1308	1411	1514	1516	1619	1722	1825	1928	2031	2134	2237	2340	2443	2546	2649	2752	2855	2958	3061	3164	3267	3370	3473	3576	3679	3782	3885	3988	4091	4194	4297	4400	4503	4606	4709	4812	4915	5018	5121	5224	5327	5430	5533	5636	5739	5842	5945	6048	6151	6254	6357	6460	6563	6666	6668	6771	6874	6977	7080	7183	7286	7389	7492	7595	7698	7801	7904	8007	8110	
8315	8418	8521	8624	8727	8830	8933	9036	9139	9242	9345	9448	9551	9654	9757	9860	9963	10066	10169	71	174	277	380	483	586	689	792	895	998	1101	1204	1307	1410	1513	1616	1618	1721	1824	1927	2030	2133	2236	2339	2442	2545	2648	2751	2854	2957	3060	3163	3266	3369	3472	3575	3678	3781	3884	3987	4090	4193	4296	4399	4502	4605	4708	4811	4914	5017	5120	5223	5326	5429	5532	5635	5738	5841	5944	6047	6150	6253	6356	6459	6562	6665	6667	6770	6873	6976	7079	7182	7285	7388	7491	7594	7697	7800	7903	8006	8109	8212	
8417	8520	8623	8726	8829	8932	9035	9138	9241	9344	9447	9550	9653	9756	9859	9962	10065	10168	70	173	276	379	482	585	688	791	894	997	1100	1203	1306	1409	1512	1615	1617	1720	1823	1926	2029	2132	2235	2338	2441	2544	2647	2750	2853	2956	3059	3162	3265	3368	3471	3574	3677	3780	3883	3986	4089	4192	4295	4398	4501	4604	4707	4810	4913	5016	5119	5222	5325	5428	5531	5634	5737	5840	5943	6046	6149	6252	6355	6458	6561	6664	6767	6769	6872	6975	7078	7181	7284	7387	7490	7593	7696	7799	7902	8005	8108	8211	8314	
8519	8622	8725	8828	8931	9034	9137	9240	9343	9446	9549	9652	9755	9858	9961	10064	10167	69	172	275	378	481	584	687	790	893	996	1099	1202	1305	1408	1511	1614	1717	1719	1822	1925	2028	2131	2234	2337	2440	2543	2646	2749	2852	2955	3058	3161	3264	3367	3470	3573	3676	3779	3882	3985	4088	4191	4294	4397	4500	4603	4706	4809	4912	5015	5118	5221	5324	5427	5530	5633	5736	5839	5942	6045	6148	6251	6354	6457	6560	6663	6766	6768	6871	6974	7077	7180	7283	7386	7489	7592	7695	7798	7901	8004	8107	8210	8313	8416	
8621	8724	8827	8930	9033	9136	9239	9342	9445	9548	9651	9754	9857	9960	10063	10166	68	171	274	377	480	583	686	789	892	995	1098	1201	1304	1407	1510	1613	1716	1718	1821	1924	2027	2130	2233	2336	2439	2542	2645	2748	2851	2954	3057	3160	3263	3366	3469	3572	3675	3778	3881	3984	4087	4190	4293	4396	4499	4602	4705	4808	4911	5014	5117	5220	5323	5426	5529	5632	5735	5838	5941	6044	6147	6250	6353	6456	6559	6662	6765	6868	6870	6973	7076	7179	7282	7385	7488	7591	7694	7797	7900	8003	8106	8209	8312	8415	8518	
8723	8826	8929	9032	9135	9238	9341	9444	9547	9650	9753	9856	9959	10062	10165	67	170	273	376	479	582	685	788	891	994	1097	1200	1303	1406	1509	1612	1715	1818	1820	1923	2026	2129	2232	2335	2438	2541	2644	2747	2850	2953	3056	3159	3262	3365	3468	3571	3674	3777	3880	3983	4086	4189	4292	4395	4498	4601	4704	4807	4910	5013	5116	5219	5322	5425	5528	5631	5734	5837	5940	6043	6146	6249	6352	6455	6558	6661	6764	6867	6869	6972	7075	7178	7281	7384	7487	7590	7693	7796	7899	8002	8105	8208	8311	8414	8517	8620	
8825	8928	9031	9134	9237	9340	9443	9546	9649	9752	9855	9958	10061	10164	66	169	272	375	478	581	684	787	890	993	1096	1199	1302	1405	1508	1611	1714	1817	1819	1922	2025	2128	2231	2334	2437	2540	2643	2746	2849	2952	3055	3158	3261	3364	3467	3570	3673	3776	3879	3982	4085	4188	4291	4394	4497	4600	4703	4806	4909	5012	5115	5218	5321	5424	5527	5630	5733	5836	5939	6042	6145	6248	6351	6454	6557	6660	6763	6866	6969	6971	7074	7177	7280	7383	7486	7589	7692	7795	7898	8001	8104	8207	8310	8413	8516	8619	8722	
8927	9030	9133	9236	9339	9442	9545	9648	9751	9854	9957	10060	10163	65	168	271	374	477	580	683	786	889	992	1095	1198	1301	1404	1507	1610	1713	1816	1919	1921	2024	2127	2230	2333	2436	2539	2642	2745	2848	2951	3054	3157	3260	3363	3466	3569	3672	3775	3878	3981	4084	4187	4290	4393	4496	4599	4702	4805	4908	5011	5114	5217	5320	5423	5526	5629	5732	5835	5938	6041	6144	6247	6350	6453	6556	6659	6762	6865	6968	6970	7073	7176	7279	7382	7485	7588	7691	7794	7897	8000	8103	8206	8309	8412	8515	8618	8721	8824	
9029	9132	9235	9338	9441	9544	9647	9750	9853	9956	10059	10162	64	167	270	373	476	579	682	785	888	991	1094	1197	1300	1403	1506	1609	1712	1815	1918	1920	2023	2126	2229	2332	2435	2538	2641	2744	2847	2950	3053	3156	3259	3362	3465	3568	3671	3774	3877	3980	4083	4186	4289	4392	4495	4598	4701	4804	4907	5010	5113	5216	5319	5422	5525	5628	5731	5834	5937	6040	6143	6246	6349	6452	6555	6658	6761	6864	6967	7070	7072	7175	7278	7381	7484	7587	7690	7793	7896	7999	8102	8205	8308	8411	8514	8617	8720	8823	8926	
9131	9234	9337	9440	9543	9646	9749	9852	9955	10058	10161	63	166	269	372	475	578	681	784	887	990	1093	1196	1299	1402	1505	1608	1711	1814	1917	2020	2022	2125	2228	2331	2434	2537	2640	2743	2846	2949	3052	3155	3258	3361	3464	3567	3670	3773	3876	3979	4082	4185	4288	4391	4494	4597	4700	4803	4906	5009	5112	5215	5318	5421	5524	5627	5730	5833	5936	6039	6142	6245	6348	6451	6554	6657	6760	6863	6966	7069	7071	7174	7277	7380	7483	7586	7689	7792	7895	7998	8101	8204	8307	8410	8513	8616	8719	8822	8925	9028	
9233	9336	9439	9542	9645	9748	9851	9954	10057	10160	62	165	268	371	474	577	680	783	886	989	1092	1195	1298	1401	1504	1607	1710	1813	1916	2019	2021	2124	2227	2330	2433	2536	2639	2742	2845	2948	3051	3154	3257	3360	3463	3566	3669	3772	3875	3978	4081	4184	4287	4390	4493	4596	4699	4802	4905	5008	5111	5214	5317	5420	5523	5626	5729	5832	5935	6038	6141	6244	6347	6450	6553	6656	6759	6862	6965	7068	7171	7173	7276	7379	7482	7585	7688	7791	7894	7997	8100	8203	8306	8409	8512	8615	8718	8821	8924	9027	9130	
9335	9438	9541	9644	9747	9850	9953	10056	10159	61	164	267	370	473	576	679	782	885	988	1091	1194	1297	1400	1503	1606	1709	1812	1915	2018	2121	2123	2226	2329	2432	2535	2638	2741	2844	2947	3050	3153	3256	3359	3462	3565	3668	3771	3874	3977	4080	4183	4286	4389	4492	4595	4698	4801	4904	5007	5110	5213	5316	5419	5522	5625	5728	5831	5934	6037	6140	6243	6346	6449	6552	6655	6758	6861	6964	7067	7170	7172	7275	7378	7481	7584	7687	7790	7893	7996	8099	8202	8305	8408	8511	8614	8717	8820	8923	9026	9129	9232	
9437	9540	9643	9746	9849	9952	10055	10158	60	163	266	369	472	575	678	781	884	987	1090	1193	1296	1399	1502	1605	1708	1811	1914	2017	2120	2122	2225	2328	2431	2534	2637	2740	2843	2946	3049	3152	3255	3358	3461	3564	3667	3770	3873	3976	4079	4182	4285	4388	4491	4594	4697	4800	4903	5006	5109	5212	5315	5418	5521	5624	5727	5830	5933	6036	6139	6242	6345	6448	6551	6654	6757	6860	6963	7066	7169	7272	7274	7377	7480	7583	7686	7789	7892	7995	8098	8201	8304	8407	8510	8613	8716	8819	8922	9025	9128	9231	9334	
9539	9642	9745	9848	9951	10054	10157	59	162	265	368	471	574	677	780	883	986	1089	1192	1295	1398	1501	1604	1707	1810	1913	2016	2119	2222	2224	2327	2430	2533	2636	2739	2842	2945	3048	3151	3254	3357	3460	3563	3666	3769	3872	3975	4078	4181	4284	4387	4490	4593	4696	4799	4902	5005	5108	5211	5314	5417	5520	5623	5726	5829	5932	6035	6138	6241	6344	6447	6550	6653	6756	6859	6962	7065	7168	7271	7273	7376	7479	7582	7685	7788	7891	7994	8097	8200	8303	8406	8509	8612	8715	8818	8921	9024	9127	9230	9333	9436	
9641	9744	9847	9950	10053	10156	58	161	264	367	470	573	676	779	882	985	1088	1191	1294	1397	1500	1603	1706	1809	1912	2015	2118	2221	2223	2326	2429	2532	2635	2738	2841	2944	3047	3150	3253	3356	3459	3562	3665	3768	3871	3974	4077	4180	4283	4386	4489	4592	4695	4798	4901	5004	5107	5210	5313	5416	5519	5622	5725	5828	5931	6034	6137	6240	6343	6446	6549	6652	6755	6858	6961	7064	7167	7270	7373	7375	7478	7581	7684	7787	7890	7993	8096	8199	8302	8405	8508	8611	8714	8817	8920	9023	9126	9229	9332	9435	9538	
9743	9846	9949	10052	10155	57	160	263	366	469	572	675	778	881	984	1087	1190	1293	1396	1499	1602	1705	1808	1911	2014	2117	2220	2323	2325	2428	2531	2634	2737	2840	2943	3046	3149	3252	3355	3458	3561	3664	3767	3870	3973	4076	4179	4282	4385	4488	4591	4694	4797	4900	5003	5106	5209	5312	5415	5518	5621	5724	5827	5930	6033	6136	6239	6342	6445	6548	6651	6754	6857	6960	7063	7166	7269	7372	7374	7477	7580	7683	7786	7889	7992	8095	8198	8301	8404	8507	8610	8713	8816	8919	9022	9125	9228	9331	9434	9537	9640	
9845	9948	10051	10154	56	159	262	365	468	571	674	777	880	983	1086	1189	1292	1395	1498	1601	1704	1807	1910	2013	2116	2219	2322	2324	2427	2530	2633	2736	2839	2942	3045	3148	3251	3354	3457	3560	3663	3766	3869	3972	4075	4178	4281	4384	4487	4590	4693	4796	4899	5002	5105	5208	5311	5414	5517	5620	5723	5826	5929	6032	6135	6238	6341	6444	6547	6650	6753	6856	6959	7062	7165	7268	7371	7474	7476	7579	7682	7785	7888	7991	8094	8197	8300	8403	8506	8609	8712	8815	8918	9021	9124	9227	9330	9433	9536	9639	9742	
9947	10050	10153	55	158	261	364	467	570	673	776	879	982	1085	1188	1291	1394	1497	1600	1703	1806	1909	2012	2115	2218	2321	2424	2426	2529	2632	2735	2838	2941	3044	3147	3250	3353	3456	3559	3662	3765	3868	3971	4074	4177	4280	4383	4486	4589	4692	4795	4898	5001	5104	5207	5310	5413	5516	5619	5722	5825	5928	6031	6134	6237	6340	6443	6546	6649	6752	6855	6958	7061	7164	7267	7370	7473	7475	7578	7681	7784	7887	7990	8093	8196	8299	8402	8505	8608	8711	8814	8917	9020	9123	9226	9329	9432	9535	9638	9741	9844	
10049	10152	54	157	260	363	466	569	672	775	878	981	1084	1187	1290	1393	1496	1599	1702	1805	1908	2011	2114	2217	2320	2423	2425	2528	2631	2734	2837	2940	3043	3146	3249	3352	3455	3558	3661	3764	3867	3970	4073	4176	4279	4382	4485	4588	4691	4794	4897	5000	5103	5206	5309	5412	5515	5618	5721	5824	5927	6030	6133	6236	6339	6442	6545	6648	6751	6854	6957	7060	7163	7266	7369	7472	7575	7577	7680	7783	7886	7989	8092	8195	8298	8401	8504	8607	8710	8813	8916	9019	9122	9225	9328	9431	9534	9637	9740	9843	9946	
10151	53	156	259	362	465	568	671	774	877	980	1083	1186	1289	1392	1495	1598	1701	1804	1907	2010	2113	2216	2319	2422	2525	2527	2630	2733	2836	2939	3042	3145	3248	3351	3454	3557	3660	3763	3866	3969	4072	4175	4278	4381	4484	4587	4690	4793	4896	4999	5102	5205	5308	5411	5514	5617	5720	5823	5926	6029	6132	6235	6338	6441	6544	6647	6750	6853	6956	7059	7162	7265	7368	7471	7574	7576	7679	7782	7885	7988	8091	8194	8297	8400	8503	8606	8709	8812	8915	9018	9121	9224	9327	9430	9533	9636	9739	9842	9945	10048	
52	155	258	361	464	567	670	773	876	979	1082	1185	1288	1391	1494	1597	1700	1803	1906	2009	2112	2215	2318	2421	2524	2526	2629	2732	2835	2938	3041	3144	3247	3350	3453	3556	3659	3762	3865	3968	4071	4174	4277	4380	4483	4586	4689	4792	4895	4998	5101	5204	5307	5410	5513	5616	5719	5822	5925	6028	6131	6234	6337	6440	6543	6646	6749	6852	6955	7058	7161	7264	7367	7470	7573	7676	7678	7781	7884	7987	8090	8193	8296	8399	8502	8605	8708	8811	8914	9017	9120	9223	9326	9429	9532	9635	9738	9841	9944	10047	10150	
154	257	360	463	566	669	772	875	978	1081	1184	1287	1390	1493	1596	1699	1802	1905	2008	2111	2214	2317	2420	2523	2626	2628	2731	2834	2937	3040	3143	3246	3349	3452	3555	3658	3761	3864	3967	4070	4173	4276	4379	4482	4585	4688	4791	4894	4997	5100	5203	5306	5409	5512	5615	5718	5821	5924	6027	6130	6233	6336	6439	6542	6645	6748	6851	6954	7057	7160	7263	7366	7469	7572	7675	7677	7780	7883	7986	8089	8192	8295	8398	8501	8604	8707	8810	8913	9016	9119	9222	9325	9428	9531	9634	9737	9840	9943	10046	10149	51	
256	359	462	565	668	771	874	977	1080	1183	1286	1389	1492	1595	1698	1801	1904	2007	2110	2213	2316	2419	2522	2625	2627	2730	2833	2936	3039	3142	3245	3348	3451	3554	3657	3760	3863	3966	4069	4172	4275	4378	4481	4584	4687	4790	4893	4996	5099	5202	5305	5408	5511	5614	5717	5820	5923	6026	6129	6232	6335	6438	6541	6644	6747	6850	6953	7056	7159	7262	7365	7468	7571	7674	7777	7779	7882	7985	8088	8191	8294	8397	8500	8603	8706	8809	8912	9015	9118	9221	9324	9427	9530	9633	9736	9839	9942	10045	10148	50	153	
358	461	564	667	770	873	976	1079	1182	1285	1388	1491	1594	1697	1800	1903	2006	2109	2212	2315	2418	2521	2624	2727	2729	2832	2935	3038	3141	3244	3347	3450	3553	3656	3759	3862	3965	4068	4171	4274	4377	4480	4583	4686	4789	4892	4995	5098	5201	5304	5407	5510	5613	5716	5819	5922	6025	6128	6231	6334	6437	6540	6643	6746	6849	6952	7055	7158	7261	7364	7467	7570	7673	7776	7778	7881	7984	8087	8190	8293	8396	8499	8602	8705	8808	8911	9014	9117	9220	9323	9426	9529	9632	9735	9838	9941	10044	10147	49	152	255	
460	563	666	769	872	975	1078	1181	1284	1387	1490	1593	1696	1799	1902	2005	2108	2211	2314	2417	2520	2623	2726	2728	2831	2934	3037	3140	3243	3346	3449	3552	3655	3758	3861	3964	4067	4170	4273	4376	4479	4582	4685	4788	4891	4994	5097	5200	5303	5406	5509	5612	5715	5818	5921	6024	6127	6230	6333	6436	6539	6642	6745	6848	6951	7054	7157	7260	7363	7466	7569	7672	7775	7878	7880	7983	8086	8189	8292	8395	8498	8601	8704	8807	8910	9013	9116	9219	9322	9425	9528	9631	9734	9837	9940	10043	10146	48	151	254	357	
562	665	768	871	974	1077	1180	1283	1386	1489	1592	1695	1798	1901	2004	2107	2210	2313	2416	2519	2622	2725	2828	2830	2933	3036	3139	3242	3345	3448	3551	3654	3757	3860	3963	4066	4169	4272	4375	4478	4581	4684	4787	4890	4993	5096	5199	5302	5405	5508	5611	5714	5817	5920	6023	6126	6229	6332	6435	6538	6641	6744	6847	6950	7053	7156	7259	7362	7465	7568	7671	7774	7877	7879	7982	8085	8188	8291	8394	8497	8600	8703	8806	8909	9012	9115	9218	9321	9424	9527	9630	9733	9836	9939	10042	10145	47	150	253	356	459	
664	767	870	973	1076	1179	1282	1385	1488	1591	1694	1797	1900	2003	2106	2209	2312	2415	2518	2621	2724	2827	2829	2932	3035	3138	3241	3344	3447	3550	3653	3756	3859	3962	4065	4168	4271	4374	4477	4580	4683	4786	4889	4992	5095	5198	5301	5404	5507	5610	5713	5816	5919	6022	6125	6228	6331	6434	6537	6640	6743	6846	6949	7052	7155	7258	7361	7464	7567	7670	7773	7876	7979	7981	8084	8187	8290	8393	8496	8599	8702	8805	8908	9011	9114	9217	9320	9423	9526	9629	9732	9835	9938	10041	10144	46	149	252	355	458	561	
766	869	972	1075	1178	1281	1384	1487	1590	1693	1796	1899	2002	2105	2208	2311	2414	2517	2620	2723	2826	2929	2931	3034	3137	3240	3343	3446	3549	3652	3755	3858	3961	4064	4167	4270	4373	4476	4579	4682	4785	4888	4991	5094	5197	5300	5403	5506	5609	5712	5815	5918	6021	6124	6227	6330	6433	6536	6639	6742	6845	6948	7051	7154	7257	7360	7463	7566	7669	7772	7875	7978	7980	8083	8186	8289	8392	8495	8598	8701	8804	8907	9010	9113	9216	9319	9422	9525	9628	9731	9834	9937	10040	10143	45	148	251	354	457	560	663	
868	971	1074	1177	1280	1383	1486	1589	1692	1795	1898	2001	2104	2207	2310	2413	2516	2619	2722	2825	2928	2930	3033	3136	3239	3342	3445	3548	3651	3754	3857	3960	4063	4166	4269	4372	4475	4578	4681	4784	4887	4990	5093	5196	5299	5402	5505	5608	5711	5814	5917	6020	6123	6226	6329	6432	6535	6638	6741	6844	6947	7050	7153	7256	7359	7462	7565	7668	7771	7874	7977	8080	8082	8185	8288	8391	8494	8597	8700	8803	8906	9009	9112	9215	9318	9421	9524	9627	9730	9833	9936	10039	10142	44	147	250	353	456	559	662	765	
970	1073	1176	1279	1382	1485	1588	1691	1794	1897	2000	2103	2206	2309	2412	2515	2618	2721	2824	2927	3030	3032	3135	3238	3341	3444	3547	3650	3753	3856	3959	4062	4165	4268	4371	4474	4577	4680	4783	4886	4989	5092	5195	5298	5401	5504	5607	5710	5813	5916	6019	6122	6225	6328	6431	6534	6637	6740	6843	6946	7049	7152	7255	7358	7461	7564	7667	7770	7873	7976	8079	8081	8184	8287	8390	8493	8596	8699	8802	8905	9008	9111	9214	9317	9420	9523	9626	9729	9832	9935	10038	10141	43	146	249	352	455	558	661	764	867	
1072	1175	1278	1381	1484	1587	1690	1793	1896	1999	2102	2205	2308	2411	2514	2617	2720	2823	2926	3029	3031	3134	3237	3340	3443	3546	3649	3752	3855	3958	4061	4164	4267	4370	4473	4576	4679	4782	4885	4988	5091	5194	5297	5400	5503	5606	5709	5812	5915	6018	6121	6224	6327	6430	6533	6636	6739	6842	6945	7048	7151	7254	7357	7460	7563	7666	7769	7872	7975	8078	8181	8183	8286	8389	8492	8595	8698	8801	8904	9007	9110	9213	9316	9419	9522	9625	9728	9831	9934	10037	10140	42	145	248	351	454	557	660	763	866	969	
1174	1277	1380	1483	1586	1689	1792	1895	1998	2101	2204	2307	2410	2513	2616	2719	2822	2925	3028	3131	3133	3236	3339	3442	3545	3648	3751	3854	3957	4060	4163	4266	4369	4472	4575	4678	4781	4884	4987	5090	5193	5296	5399	5502	5605	5708	5811	5914	6017	6120	6223	6326	6429	6532	6635	6738	6841	6944	7047	7150	7253	7356	7459	7562	7665	7768	7871	7974	8077	8180	8182	8285	8388	8491	8594	8697	8800	8903	9006	9109	9212	9315	9418	9521	9624	9727	9830	9933	10036	10139	41	144	247	350	453	556	659	762	865	968	1071	
1276	1379	1482	1585	1688	1791	1894	1997	2100	2203	2306	2409	2512	2615	2718	2821	2924	3027	3130	3132	3235	3338	3441	3544	3647	3750	3853	3956	4059	4162	4265	4368	4471	4574	4677	4780	4883	4986	5089	5192	5295	5398	5501	5604	5707	5810	5913	6016	6119	6222	6325	6428	6531	6634	6737	6840	6943	7046	7149	7252	7355	7458	7561	7664	7767	7870	7973	8076	8179	8282	8284	8387	8490	8593	8696	8799	8902	9005	9108	9211	9314	9417	9520	9623	9726	9829	9932	10035	10138	40	143	246	349	452	555	658	761	864	967	1070	1173	
1378	1481	1584	1687	1790	1893	1996	2099	2202	2305	2408	2511	2614	2717	2820	2923	3026	3129	3232	3234	3337	3440	3543	3646	3749	3852	3955	4058	4161	4264	4367	4470	4573	4676	4779	4882	4985	5088	5191	5294	5397	5500	5603	5706	5809	5912	6015	6118	6221	6324	6427	6530	6633	6736	6839	6942	7045	7148	7251	7354	7457	7560	7663	7766	7869	7972	8075	8178	8281	8283	8386	8489	8592	8695	8798	8901	9004	9107	9210	9313	9416	9519	9622	9725	9828	9931	10034	10137	39	142	245	348	451	554	657	760	863	966	1069	1172	1275	
1480	1583	1686	1789	1892	1995	2098	2201	2304	2407	2510	2613	2716	2819	2922	3025	3128	3231	3233	3336	3439	3542	3645	3748	3851	3954	4057	4160	4263	4366	4469	4572	4675	4778	4881	4984	5087	5190	5293	5396	5499	5602	5705	5808	5911	6014	6117	6220	6323	6426	6529	6632	6735	6838	6941	7044	7147	7250	7353	7456	7559	7662	7765	7868	7971	8074	8177	8280	8383	8385	8488	8591	8694	8797	8900	9003	9106	9209	9312	9415	9518	9621	9724	9827	9930	10033	10136	38	141	244	347	450	553	656	759	862	965	1068	1171	1274	1377	
1582	1685	1788	1891	1994	2097	2200	2303	2406	2509	2612	2715	2818	2921	3024	3127	3230	3333	3335	3438	3541	3644	3747	3850	3953	4056	4159	4262	4365	4468	4571	4674	4777	4880	4983	5086	5189	5292	5395	5498	5601	5704	5807	5910	6013	6116	6219	6322	6425	6528	6631	6734	6837	6940	7043	7146	7249	7352	7455	7558	7661	7764	7867	7970	8073	8176	8279	8382	8384	8487	8590	8693	8796	8899	9002	9105	9208	9311	9414	9517	9620	9723	9826	9929	10032	10135	37	140	243	346	449	552	655	758	861	964	1067	1170	1273	1376	1479	
1684	1787	1890	1993	2096	2199	2302	2405	2508	2611	2714	2817	2920	3023	3126	3229	3332	3334	3437	3540	3643	3746	3849	3952	4055	4158	4261	4364	4467	4570	4673	4776	4879	4982	5085	5188	5291	5394	5497	5600	5703	5806	5909	6012	6115	6218	6321	6424	6527	6630	6733	6836	6939	7042	7145	7248	7351	7454	7557	7660	7763	7866	7969	8072	8175	8278	8381	8484	8486	8589	8692	8795	8898	9001	9104	9207	9310	9413	9516	9619	9722	9825	9928	10031	10134	36	139	242	345	448	551	654	757	860	963	1066	1169	1272	1375	1478	1581	
1786	1889	1992	2095	2198	2301	2404	2507	2610	2713	2816	2919	3022	3125	3228	3331	3434	3436	3539	3642	3745	3848	3951	4054	4157	4260	4363	4466	4569	4672	4775	4878	4981	5084	5187	5290	5393	5496	5599	5702	5805	5908	6011	6114	6217	6320	6423	6526	6629	6732	6835	6938	7041	7144	7247	7350	7453	7556	7659	7762	7865	7968	8071	8174	8277	8380	8483	8485	8588	8691	8794	8897	9000	9103	9206	9309	9412	9515	9618	9721	9824	9927	10030	10133	35	138	241	344	447	550	653	756	859	962	1065	1168	1271	1374	1477	1580	1683	
1888	1991	2094	2197	2300	2403	2506	2609	2712	2815	2918	3021	3124	3227	3330	3433	3435	3538	3641	3744	3847	3950	4053	4156	4259	4362	4465	4568	4671	4774	4877	4980	5083	5186	5289	5392	5495	5598	5701	5804	5907	6010	6113	6216	6319	6422	6525	6628	6731	6834	6937	7040	7143	7246	7349	7452	7555	7658	7761	7864	7967	8070	8173	8276	8379	8482	8585	8587	8690	8793	8896	8999	9102	9205	9308	9411	9514	9617	9720	9823	9926	10029	10132	34	137	240	343	446	549	652	755	858	961	1064	1167	1270	1373	1476	1579	1682	1785	
1990	2093	2196	2299	2402	2505	2608	2711	2814	2917	3020	3123	3226	3329	3432	3535	3537	3640	3743	3846	3949	4052	4155	4258	4361	4464	4567	4670	4773	4876	4979	5082	5185	5288	5391	5494	5597	5700	5803	5906	6009	6112	6215	6318	6421	6524	6627	6730	6833	6936	7039	7142	7245	7348	7451	7554	7657	7760	7863	7966	8069	8172	8275	8378	8481	8584	8586	8689	8792	8895	8998	9101	9204	9307	9410	9513	9616	9719	9822	9925	10028	10131	33	136	239	342	445	548	651	754	857	960	1063	1166	1269	1372	1475	1578	1681	1784	1887	
2092	2195	2298	2401	2504	2607	2710	2813	2916	3019	3122	3225	3328	3431	3534	3536	3639	3742	3845	3948	4051	4154	4257	4360	4463	4566	4669	4772	4875	4978	5081	5184	5287	5390	5493	5596	5699	5802	5905	6008	6111	6214	6317	6420	6523	6626	6729	6832	6935	7038	7141	7244	7347	7450	7553	7656	7759	7862	7965	8068	8171	8274	8377	8480	8583	8686	8688	8791	8894	8997	9100	9203	9306	9409	9512	9615	9718	9821	9924	10027	10130	32	135	238	341	444	547	650	753	856	959	1062	1165	1268	1371	1474	1577	1680	1783	1886	1989	
2194	2297	2400	2503	2606	2709	2812	2915	3018	3121	3224	3327	3430	3533	3636	3638	3741	3844	3947	4050	4153	4256	4359	4462	4565	4668	4771	4874	4977	5080	5183	5286	5389	5492	5595	5698	5801	5904	6007	6110	6213	6316	6419	6522	6625	6728	6831	6934	7037	7140	7243	7346	7449	7552	7655	7758	7861	7964	8067	8170	8273	8376	8479	8582	8685	8687	8790	8893	8996	9099	9202	9305	9408	9511	9614	9717	9820	9923	10026	10129	31	134	237	340	443	546	649	752	855	958	1061	1164	1267	1370	1473	1576	1679	1782	1885	1988	2091	
2296	2399	2502	2605	2708	2811	2914	3017	3120	3223	3326	3429	3532	3635	3637	3740	3843	3946	4049	4152	4255	4358	4461	4564	4667	4770	4873	4976	5079	5182	5285	5388	5491	5594	5697	5800	5903	6006	6109	6212	6315	6418	6521	6624	6727	6830	6933	7036	7139	7242	7345	7448	7551	7654	7757	7860	7963	8066	8169	8272	8375	8478	8581	8684	8787	8789	8892	8995	9098	9201	9304	9407	9510	9613	9716	9819	9922	10025	10128	30	133	236	339	442	545	648	751	854	957	1060	1163	1266	1369	1472	1575	1678	1781	1884	1987	2090	2193	
2398	2501	2604	2707	2810	2913	3016	3119	3222	3325	3428	3531	3634	3737	3739	3842	3945	4048	4151	4254	4357	4460	4563	4666	4769	4872	4975	5078	5181	5284	5387	5490	5593	5696	5799	5902	6005	6108	6211	6314	6417	6520	6623	6726	6829	6932	7035	7138	7241	7344	7447	7550	7653	7756	7859	7962	8065	8168	8271	8374	8477	8580	8683	8786	8788	8891	8994	9097	9200	9303	9406	9509	9612	9715	9818	9921	10024	10127	29	132	235	338	441	544	647	750	853	956	1059	1162	1265	1368	1471	1574	1677	1780	1883	1986	2089	2192	2295	
2500	2603	2706	2809	2912	3015	3118	3221	3324	3427	3530	3633	3736	3738	3841	3944	4047	4150	4253	4356	4459	4562	4665	4768	4871	4974	5077	5180	5283	5386	5489	5592	5695	5798	5901	6004	6107	6210	6313	6416	6519	6622	6725	6828	6931	7034	7137	7240	7343	7446	7549	7652	7755	7858	7961	8064	8167	8270	8373	8476	8579	8682	8785	8888	8890	8993	9096	9199	9302	9405	9508	9611	9714	9817	9920	10023	10126	28	131	234	337	440	543	646	749	852	955	1058	1161	1264	1367	1470	1573	1676	1779	1882	1985	2088	2191	2294	2397	
2602	2705	2808	2911	3014	3117	3220	3323	3426	3529	3632	3735	3838	3840	3943	4046	4149	4252	4355	4458	4561	4664	4767	4870	4973	5076	5179	5282	5385	5488	5591	5694	5797	5900	6003	6106	6209	6312	6415	6518	6621	6724	6827	6930	7033	7136	7239	7342	7445	7548	7651	7754	7857	7960	8063	8166	8269	8372	8475	8578	8681	8784	8887	8889	8992	9095	9198	9301	9404	9507	9610	9713	9816	9919	10022	10125	27	130	233	336	439	542	645	748	851	954	1057	1160	1263	1366	1469	1572	1675	1778	1881	1984	2087	2190	2293	2396	2499	
2704	2807	2910	3013	3116	3219	3322	3425	3528	3631	3734	3837	3839	3942	4045	4148	4251	4354	4457	4560	4663	4766	4869	4972	5075	5178	5281	5384	5487	5590	5693	5796	5899	6002	6105	6208	6311	6414	6517	6620	6723	6826	6929	7032	7135	7238	7341	7444	7547	7650	7753	7856	7959	8062	8165	8268	8371	8474	8577	8680	8783	8886	8989	8991	9094	9197	9300	9403	9506	9609	9712	9815	9918	10021	10124	26	129	232	335	438	541	644	747	850	953	1056	1159	1262	1365	1468	1571	1674	1777	1880	1983	2086	2189	2292	2395	2498	2601	
2806	2909	3012	3115	3218	3321	3424	3527	3630	3733	3836	3939	3941	4044	4147	4250	4353	4456	4559	4662	4765	4868	4971	5074	5177	5280	5383	5486	5589	5692	5795	5898	6001	6104	6207	6310	6413	6516	6619	6722	6825	6928	7031	7134	7237	7340	7443	7546	7649	7752	7855	7958	8061	8164	8267	8370	8473	8576	8679	8782	8885	8988	8990	9093	9196	9299	9402	9505	9608	9711	9814	9917	10020	10123	25	128	231	334	437	540	643	746	849	952	1055	1158	1261	1364	1467	1570	1673	1776	1879	1982	2085	2188	2291	2394	2497	2600	2703	
2908	3011	3114	3217	3320	3423	3526	3629	3732	3835	3938	3940	4043	4146	4249	4352	4455	4558	4661	4764	4867	4970	5073	5176	5279	5382	5485	5588	5691	5794	5897	6000	6103	6206	6309	6412	6515	6618	6721	6824	6927	7030	7133	7236	7339	7442	7545	7648	7751	7854	7957	8060	8163	8266	8369	8472	8575	8678	8781	8884	8987	9090	9092	9195	9298	9401	9504	9607	9710	9813	9916	10019	10122	24	127	230	333	436	539	642	745	848	951	1054	1157	1260	1363	1466	1569	1672	1775	1878	1981	2084	2187	2290	2393	2496	2599	2702	2805	
3010	3113	3216	3319	3422	3525	3628	3731	3834	3937	4040	4042	4145	4248	4351	4454	4557	4660	4763	4866	4969	5072	5175	5278	5381	5484	5587	5690	5793	5896	5999	6102	6205	6308	6411	6514	6617	6720	6823	6926	7029	7132	7235	7338	7441	7544	7647	7750	7853	7956	8059	8162	8265	8368	8471	8574	8677	8780	8883	8986	9089	9091	9194	9297	9400	9503	9606	9709	9812	9915	10018	10121	23	126	229	332	435	538	641	744	847	950	1053	1156	1259	1362	1465	1568	1671	1774	1877	1980	2083	2186	2289	2392	2495	2598	2701	2804	2907	
3112	3215	3318	3421	3524	3627	3730	3833	3936	4039	4041	4144	4247	4350	4453	4556	4659	4762	4865	4968	5071	5174	5277	5380	5483	5586	5689	5792	5895	5998	6101	6204	6307	6410	6513	6616	6719	6822	6925	7028	7131	7234	7337	7440	7543	7646	7749	7852	7955	8058	8161	8264	8367	8470	8573	8676	8779	8882	8985	9088	9191	9193	9296	9399	9502	9605	9708	9811	9914	10017	10120	22	125	228	331	434	537	640	743	846	949	1052	1155	1258	1361	1464	1567	1670	1773	1876	1979	2082	2185	2288	2391	2494	2597	2700	2803	2906	3009	
3214	3317	3420	3523	3626	3729	3832	3935	4038	4141	4143	4246	4349	4452	4555	4658	4761	4864	4967	5070	5173	5276	5379	5482	5585	5688	5791	5894	5997	6100	6203	6306	6409	6512	6615	6718	6821	6924	7027	7130	7233	7336	7439	7542	7645	7748	7851	7954	8057	8160	8263	8366	8469	8572	8675	8778	8881	8984	9087	9190	9192	9295	9398	9501	9604	9707	9810	9913	10016	10119	21	124	227	330	433	536	639	742	845	948	1051	1154	1257	1360	1463	1566	1669	1772	1875	1978	2081	2184	2287	2390	2493	2596	2699	2802	2905	3008	3111	
3316	3419	3522	3625	3728	3831	3934	4037	4140	4142	4245	4348	4451	4554	4657	4760	4863	4966	5069	5172	5275	5378	5481	5584	5687	5790	5893	5996	6099	6202	6305	6408	6511	6614	6717	6820	6923	7026	7129	7232	7335	7438	7541	7644	7747	7850	7953	8056	8159	8262	8365	8468	8571	8674	8777	8880	8983	9086	9189	9292	9294	9397	9500	9603	9706	9809	9912	10015	10118	20	123	226	329	432	535	638	741	844	947	1050	1153	1256	1359	1462	1565	1668	1771	1874	1977	2080	2183	2286	2389	2492	2595	2698	2801	2904	3007	3110	3213	
3418	3521	3624	3727	3830	3933	4036	4139	4242	4244	4347	4450	4553	4656	4759	4862	4965	5068	5171	5274	5377	5480	5583	5686	5789	5892	5995	6098	6201	6304	6407	6510	6613	6716	6819	6922	7025	7128	7231	7334	7437	7540	7643	7746	7849	7952	8055	8158	8261	8364	8467	8570	8673	8776	8879	8982	9085	9188	9291	9293	9396	9499	9602	9705	9808	9911	10014	10117	19	122	225	328	431	534	637	740	843	946	1049	1152	1255	1358	1461	1564	1667	1770	1873	1976	2079	2182	2285	2388	2491	2594	2697	2800	2903	3006	3109	3212	3315	
3520	3623	3726	3829	3932	4035	4138	4241	4243	4346	4449	4552	4655	4758	4861	4964	5067	5170	5273	5376	5479	5582	5685	5788	5891	5994	6097	6200	6303	6406	6509	6612	6715	6818	6921	7024	7127	7230	7333	7436	7539	7642	7745	7848	7951	8054	8157	8260	8363	8466	8569	8672	8775	8878	8981	9084	9187	9290	9393	9395	9498	9601	9704	9807	9910	10013	10116	18	121	224	327	430	533	636	739	842	945	1048	1151	1254	1357	1460	1563	1666	1769	1872	1975	2078	2181	2284	2387	2490	2593	2696	2799	2902	3005	3108	3211	3314	3417	
3622	3725	3828	3931	4034	4137	4240	4343	4345	4448	4551	4654	4757	4860	4963	5066	5169	5272	5375	5478	5581	5684	5787	5890	5993	6096	6199	6302	6405	6508	6611	6714	6817	6920	7023	7126	7229	7332	7435	7538	7641	7744	7847	7950	8053	8156	8259	8362	8465	8568	8671	8774	8877	8980	9083	9186	9289	9392	9394	9497	9600	9703	9806	9909	10012	10115	17	120	223	326	429	532	635	738	841	944	1047	1150	1253	1356	1459	1562	1665	1768	1871	1974	2077	2180	2283	2386	2489	2592	2695	2798	2901	3004	3107	3210	3313	3416	3519	
3724	3827	3930	4033	4136	4239	4342	4344	4447	4550	4653	4756	4859	4962	5065	5168	5271	5374	5477	5580	5683	5786	5889	5992	6095	6198	6301	6404	6507	6610	6713	6816	6919	7022	7125	7228	7331	7434	7537	7640	7743	7846	7949	8052	8155	8258	8361	8464	8567	8670	8773	8876	8979	9082	9185	9288	9391	9494	9496	9599	9702	9805	9908	10011	10114	16	119	222	325	428	531	634	737	840	943	1046	1149	1252	1355	1458	1561	1664	1767	1870	1973	2076	2179	2282	2385	2488	2591	2694	2797	2900	3003	3106	3209	3312	3415	3518	3621	
3826	3929	4032	4135	4238	4341	4444	4446	4549	4652	4755	4858	4961	5064	5167	5270	5373	5476	5579	5682	5785	5888	5991	6094	6197	6300	6403	6506	6609	6712	6815	6918	7021	7124	7227	7330	7433	7536	7639	7742	7845	7948	8051	8154	8257	8360	8463	8566	8669	8772	8875	8978	9081	9184	9287	9390	9493	9495	9598	9701	9804	9907	10010	10113	15	118	221	324	427	530	633	736	839	942	1045	1148	1251	1354	1457	1560	1663	1766	1869	1972	2075	2178	2281	2384	2487	2590	2693	2796	2899	3002	3105	3208	3311	3414	3517	3620	3723	
3928	4031	4134	4237	4340	4443	4445	4548	4651	4754	4857	4960	5063	5166	5269	5372	5475	5578	5681	5784	5887	5990	6093	6196	6299	6402	6505	6608	6711	6814	6917	7020	7123	7226	7329	7432	7535	7638	7741	7844	7947	8050	8153	8256	8359	8462	8565	8668	8771	8874	8977	9080	9183	9286	9389	9492	9595	9597	9700	9803	9906	10009	10112	14	117	220	323	426	529	632	735	838	941	1044	1147	1250	1353	1456	1559	1662	1765	1868	1971	2074	2177	2280	2383	2486	2589	2692	2795	2898	3001	3104	3207	3310	3413	3516	3619	3722	3825	
4030	4133	4236	4339	4442	4545	4547	4650	4753	4856	4959	5062	5165	5268	5371	5474	5577	5680	5783	5886	5989	6092	6195	6298	6401	6504	6607	6710	6813	6916	7019	7122	7225	7328	7431	7534	7637	7740	7843	7946	8049	8152	8255	8358	8461	8564	8667	8770	8873	8976	9079	9182	9285	9388	9491	9594	9596	9699	9802	9905	10008	10111	13	116	219	322	425	528	631	734	837	940	1043	1146	1249	1352	1455	1558	1661	1764	1867	1970	2073	2176	2279	2382	2485	2588	2691	2794	2897	3000	3103	3206	3309	3412	3515	3618	3721	3824	3927	
4132	4235	4338	4441	4544	4546	4649	4752	4855	4958	5061	5164	5267	5370	5473	5576	5679	5782	5885	5988	6091	6194	6297	6400	6503	6606	6709	6812	6915	7018	7121	7224	7327	7430	7533	7636	7739	7842	7945	8048	8151	8254	8357	8460	8563	8666	8769	8872	8975	9078	9181	9284	9387	9490	9593	9696	9698	9801	9904	10007	10110	12	115	218	321	424	527	630	733	836	939	1042	1145	1248	1351	1454	1557	1660	1763	1866	1969	2072	2175	2278	2381	2484	2587	2690	2793	2896	2999	3102	3205	3308	3411	3514	3617	3720	3823	3926	4029	
4234	4337	4440	4543	4646	4648	4751	4854	4957	5060	5163	5266	5369	5472	5575	5678	5781	5884	5987	6090	6193	6296	6399	6502	6605	6708	6811	6914	7017	7120	7223	7326	7429	7532	7635	7738	7841	7944	8047	8150	8253	8356	8459	8562	8665	8768	8871	8974	9077	9180	9283	9386	9489	9592	9695	9697	9800	9903	10006	10109	11	114	217	320	423	526	629	732	835	938	1041	1144	1247	1350	1453	1556	1659	1762	1865	1968	2071	2174	2277	2380	2483	2586	2689	2792	2895	2998	3101	3204	3307	3410	3513	3616	3719	3822	3925	4028	4131	
4336	4439	4542	4645	4647	4750	4853	4956	5059	5162	5265	5368	5471	5574	5677	5780	5883	5986	6089	6192	6295	6398	6501	6604	6707	6810	6913	7016	7119	7222	7325	7428	7531	7634	7737	7840	7943	8046	8149	8252	8355	8458	8561	8664	8767	8870	8973	9076	9179	9282	9385	9488	9591	9694	9797	9799	9902	10005	10108	10	113	216	319	422	525	628	731	834	937	1040	1143	1246	1349	1452	1555	1658	1761	1864	1967	2070	2173	2276	2379	2482	2585	2688	2791	2894	2997	3100	3203	3306	3409	3512	3615	3718	3821	3924	4027	4130	4233	
4438	4541	4644	4747	4749	4852	4955	5058	5161	5264	5367	5470	5573	5676	5779	5882	5985	6088	6191	6294	6397	6500	6603	6706	6809	6912	7015	7118	7221	7324	7427	7530	7633	7736	7839	7942	8045	8148	8251	8354	8457	8560	8663	8766	8869	8972	9075	9178	9281	9384	9487	9590	9693	9796	9798	9901	10004	10107	9	112	215	318	421	524	627	730	833	936	1039	1142	1245	1348	1451	1554	1657	1760	1863	1966	2069	2172	2275	2378	2481	2584	2687	2790	2893	2996	3099	3202	3305	3408	3511	3614	3717	3820	3923	4026	4129	4232	4335	
4540	4643	4746	4748	4851	4954	5057	5160	5263	5366	5469	5572	5675	5778	5881	5984	6087	6190	6293	6396	6499	6602	6705	6808	6911	7014	7117	7220	7323	7426	7529	7632	7735	7838	7941	8044	8147	8250	8353	8456	8559	8662	8765	8868	8971	9074	9177	9280	9383	9486	9589	9692	9795	9898	9900	10003	10106	8	111	214	317	420	523	626	729	832	935	1038	1141	1244	1347	1450	1553	1656	1759	1862	1965	2068	2171	2274	2377	2480	2583	2686	2789	2892	2995	3098	3201	3304	3407	3510	3613	3716	3819	3922	4025	4128	4231	4334	4437	
4642	4745	4848	4850	4953	5056	5159	5262	5365	5468	5571	5674	5777	5880	5983	6086	6189	6292	6395	6498	6601	6704	6807	6910	7013	7116	7219	7322	7425	7528	7631	7734	7837	7940	8043	8146	8249	8352	8455	8558	8661	8764	8867	8970	9073	9176	9279	9382	9485	9588	9691	9794	9897	9899	10002	10105	7	110	213	316	419	522	625	728	831	934	1037	1140	1243	1346	1449	1552	1655	1758	1861	1964	2067	2170	2273	2376	2479	2582	2685	2788	2891	2994	3097	3200	3303	3406	3509	3612	3715	3818	3921	4024	4127	4230	4333	4436	4539	
4744	4847	4849	4952	5055	5158	5261	5364	5467	5570	5673	5776	5879	5982	6085	6188	6291	6394	6497	6600	6703	6806	6909	7012	7115	7218	7321	7424	7527	7630	7733	7836	7939	8042	8145	8248	8351	8454	8557	8660	8763	8866	8969	9072	9175	9278	9381	9484	9587	9690	9793	9896	9999	10001	10104	6	109	212	315	418	521	624	727	830	933	1036	1139	1242	1345	1448	1551	1654	1757	1860	1963	2066	2169	2272	2375	2478	2581	2684	2787	2890	2993	3096	3199	3302	3405	3508	3611	3714	3817	3920	4023	4126	4229	4332	4435	4538	4641	
4846	4949	4951	5054	5157	5260	5363	5466	5569	5672	5775	5878	5981	6084	6187	6290	6393	6496	6599	6702	6805	6908	7011	7114	7217	7320	7423	7526	7629	7732	7835	7938	8041	8144	8247	8350	8453	8556	8659	8762	8865	8968	9071	9174	9277	9380	9483	9586	9689	9792	9895	9998	10000	10103	5	108	211	314	417	520	623	726	829	932	1035	1138	1241	1344	1447	1550	1653	1756	1859	1962	2065	2168	2271	2374	2477	2580	2683	2786	2889	2992	3095	3198	3301	3404	3507	3610	3713	3816	3919	4022	4125	4228	4331	4434	4537	4640	4743	
4948	4950	5053	5156	5259	5362	5465	5568	5671	5774	5877	5980	6083	6186	6289	6392	6495	6598	6701	6804	6907	7010	7113	7216	7319	7422	7525	7628	7731	7834	7937	8040	8143	8246	8349	8452	8555	8658	8761	8864	8967	9070	9173	9276	9379	9482	9585	9688	9791	9894	9997	10100	10102	4	107	210	313	416	519	622	725	828	931	1034	1137	1240	1343	1446	1549	1652	1755	1858	1961	2064	2167	2270	2373	2476	2579	2682	2785	2888	2991	3094	3197	3300	3403	3506	3609	3712	3815	3918	4021	4124	4227	4330	4433	4536	4639	4742	4845	
5050	5052	5155	5258	5361	5464	5567	5670	5773	5876	5979	6082	6185	6288	6391	6494	6597	6700	6803	6906	7009	7112	7215	7318	7421	7524	7627	7730	7833	7936	8039	8142	8245	8348	8451	8554	8657	8760	8863	8966	9069	9172	9275	9378	9481	9584	9687	9790	9893	9996	10099	10101	3	106	209	312	415	518	621	724	827	930	1033	1136	1239	1342	1445	1548	1651	1754	1857	1960	2063	2166	2269	2372	2475	2578	2681	2784	2887	2990	3093	3196	3299	3402	3505	3608	3711	3814	3917	4020	4123	4226	4329	4432	4535	4638	4741	4844	4947	
5051	5154	5257	5360	5463	5566	5669	5772	5875	5978	6081	6184	6287	6390	6493	6596	6699	6802	6905	7008	7111	7214	7317	7420	7523	7626	7729	7832	7935	8038	8141	8244	8347	8450	8553	8656	8759	8862	8965	9068	9171	9274	9377	9480	9583	9686	9789	9892	9995	10098	10201	2	105	208	311	414	517	620	723	826	929	1032	1135	1238	1341	1444	1547	1650	1753	1856	1959	2062	2165	2268	2371	2474	2577	2680	2783	2886	2989	3092	3195	3298	3401	3504	3607	3710	3813	3916	4019	4122	4225	4328	4431	4534	4637	4740	4843	4946	5049	
