0 0
1 1
2 1
3 2
4 3
5 5
6 8
7 13
8 21
9 34
10 55
11 89
12 144
13 233
14 377
15 610
16 987
17 1597
18 2584
19 4181
20 6765
21 10946
22 17711
23 28657
24 46368
25 75025
26 121393
27 196418
28 317811
29 514229
30 832040
31 1346269
32 2178309
33 3524578
34 5702887
35 9227465
36 14930352
37 24157817
38 39088169
39 63245986
40 102334155
41 165580141
42 267914296
43 433494437
44 701408733
45 1134903170
46 1836311903
47 2971215073
48 512559680
49 3483774753
50 3996334433
51 3185141890
52 2886509027
53 1776683621
54 368225352
55 2144908973
56 2513134325
57 363076002
58 2876210327
59 3239286329
60 1820529360
61 764848393
62 2585377753
63 3350226146
64 1640636603
65 695895453
66 2336532056
67 3032427509
68 1073992269
69 4106419778
70 885444751
71 696897233
72 1582341984
73 2279239217
74 3861581201
75 1845853122
76 1412467027
77 3258320149
78 375819880
79 3634140029
80 4009959909
81 3349132642
82 3064125255
83 2118290601
84 887448560
85 3005739161
86 3893187721
87 2603959586
88 2202180011
89 511172301
90 2713352312
91 3224524613
92 1642909629
93 572466946
94 2215376575
95 2787843521
96 708252800
97 3496096321
98 4204349121
99 3405478146
