0 0
1 1
2 1
3 2
4 3
5 5
6 8
7 13
8 21
9 34
10 55
11 89
12 144
13 233
14 377
15 610
16 987
17 1597
18 2584
19 4181
20 6765
21 10946
22 17711
23 28657
24 46368
25 75025
26 121393
27 196418
28 317811
29 514229
30 832040
31 1346269
32 2178309
33 3524578
34 5702887
35 9227465
36 14930352
37 24157817
38 39088169
39 63245986
40 102334155
41 165580141
42 267914296
43 433494437
44 701408733
45 1134903170
46 1836311903
47 -1323752223
48 512559680
49 -811192543
50 -298632863
51 -1109825406
52 -1408458269
53 1776683621
54 368225352
55 2144908973
56 -1781832971
57 363076002
58 -1418756969
59 -1055680967
60 1820529360
61 764848393
62 -1709589543
63 -944741150
64 1640636603
65 695895453
66 -1958435240
67 -1262539787
68 1073992269
69 -188547518
70 885444751
71 696897233
72 1582341984
73 -2015728079
74 -433386095
75 1845853122
76 1412467027
77 -1036647147
78 375819880
79 -660827267
80 -285007387
81 -945834654
82 -1230842041
83 2118290601
84 887448560
85 -1289228135
86 -401779575
87 -1691007710
88 -2092787285
89 511172301
90 -1581614984
91 -1070442683
92 1642909629
93 572466946
94 -2079590721
95 -1507123775
96 708252800
97 -798870975
98 -90618175
99 -889489150
